BveTs Map 2.02
#保安装置専用ファイル

00000;
00500;
Section.Begin(101,102,103,105,106,107,108,109,110,110,111,111,112);
01000;
Section.Begin(101,102,103,105,106,107,108,109,110,110,111,111,112);
01500;
Section.Begin(101,102,103,105,106,107,108,109,110,110,111,111,112);
02000;
Section.Begin(101,102,103,105,106,107,108,109,110,110,111,111,112);
02500;
Section.Begin(101,102,103,105,106,107,108,109,110,110,111,111,112);
03000;
Section.Begin(101,102,103,105,106,107,108,109,110,110,111,111,112);
03500;
Section.Begin(101,102,103,104);
03620;
PreTrain.Pass('13:56:45');
04100;
Section.Begin(101,102,103,104,105,106);
04500;
Section.Begin(101,102,103,104,105,106);
05000;
Section.Begin(101,102,103,104,105,106);
05500;
Section.Begin(101,102,103,105,106,107,108);
05800;
PreTrain.Pass('13:57:45');
06000;
Section.Begin(101,102,103,105,106,107,108);
06500;
Section.Begin(101,102,103,105,106,107,108);
07000;
Section.Begin(101,102,103,105,106,107,108,109,110);
07500;
Section.Begin(101,102,103,105,106,107,108,109,110);
08000;
Section.Begin(101,102,103,105,106,107,108,109,110);
08500;
Section.Begin(101,102,103,105,106,107,108,109,110,110,111,111,112);
09000;
Section.Begin(101,102,103,105,106,107,108,109,110,110,111,111,112);
09500;
Section.Begin(101,102,103,105,106,107,108,109,110,110,111,111,112);
10000;
Section.Begin(101,102,103,105,106,107,108,109,110,110,111,111,112);
10500;
Section.Begin(101,102,103,105,106,107,108,109,110,110,111,111,112);
11000;
Section.Begin(101,102,103,105,106,107,108,109,110,110,111,111,112);
11500;
Section.Begin(101,102,103,105,106,107,108,109,110,110,111,111,112);
12000;
Section.Begin(101,102,103,105,106,107,108,109,110,110,111,111,112);
12500;
Section.Begin(101,102,103,105,106,107,108,109,110,110,111,111,112);
13000;
Section.Begin(101,102,103,105,106,107,108,109,110,110,111,111,112);
13500;
Section.Begin(101,102,103,105,106,107,108,109,110,110,111,111);
14000;
Section.Begin(101,102,103,105,106,107,108,109,110,110,111,111);
14500;
Section.Begin(101,102,103,105,106,107,108,109,110,110,111,111);
15000;
Section.Begin(101,102,103,105,106,107,108,109,110,110,111,111);
15100;
PreTrain.Pass('14:00:30');
15500;
Section.Begin(101,102,103,105,106,107,108,109);
16000;
Section.Begin(101,102,103,105,106,107,108);
16500;
Section.Begin(101,102,103,105,106,107);
17000;
Section.Begin(101,102,103,105,106);
17500;
Section.Begin(101,102,103,105);
18500;
Section.Begin(101,102,103,104);
18700;
Section.Begin(101,102,103,104);
18800;
Section.Begin(101,102,103);
18840;
PreTrain.Pass('14:02:30');
18841;
PreTrain.Pass('14:03:30');
18900;
Section.Begin(101,102,103);
19280;
Section.Begin(101,102,103,104);
19400;
Section.Begin(101,102,103,105);
20000;
Section.Begin(101,102,103,105,106,107,108);
20500;
Section.Begin(101,102,103,105,106,107,108);
21000;
Section.Begin(101,102,103,105,106,107,108);
21500;
Section.Begin(101,102,103,105,106,107,108,109,110,110);
22000;
Section.Begin(101,102,103,105,106,107,108,109,110,110);
22500;
Section.Begin(101,102,103,105,106,107,108,109,110,110);
23000;
Section.Begin(101,102,103,105,106,107,108,109,110,110);
23500;
Section.Begin(101,102,103,105,106,107,108,109,110,110,111,111,112);
23600;
PreTrain.Pass('14:04:30');
Section.Begin(101,102,103,105,106,107,108,109,110,110,111,111,112);
24500;
Section.Begin(101,102,103,105,106,107,108,109,110,110,111,111,112);
25000;
Section.Begin(101,102,103,105,106,107,108,109,110,110,111,111,112);
25500;
Section.Begin(101,102,103,105,106,107,108,109,110,110,111,111,112);
26000;
Section.Begin(101,102,103,105,106,107,108,109,110,110,111,111);
26400;
Section.Begin(101,102,103,105,106,107,108,109,110,110,111,111);
26800;
Section.Begin(101,102,103,105,106,107,108,109,110,110,111,111);
27200;
Section.Begin(101,102,103,105,106,107,108,109,110,110,111,111);
27600;
Section.Begin(101,102,103,105,106,107,108,109,110,110,111,111);
28000;
Section.Begin(101,102,103,105,106,107,108,109,110,110,111,111);


28500;
Section.Begin(101,102,103,105,106,107,108,109,110,110,111,111,112);
29000;
Section.Begin(101,102,103,105,106,107,108,109,110,110,111,111,112);
29500;
Section.Begin(101,102,103,105,106,107,108,109,110,110,111,111,112);
30000;
Section.Begin(101,102,103,105,106,107,108,109,110,110,111,111,112);
30500;
Section.Begin(101,102,103,105,106,107,108,109,110,110,111,111,112);
31000;
Section.Begin(101,102,103,105,106,107,108,109,110,110,111,111,112);
31500;
Section.Begin(101,102,103,105,106,107,108,109,110,110,111,111,112);

32000;
Section.Begin(101,102,103,105,106,107,108,109);

32500;
Section.Begin(101,102,103,105,106,107,108);
33000;
Section.Begin(101,102,103,105,106,107,108);
33500;
Section.Begin(101,102,103,105,106,107,108);

34000;
Section.Begin(101,102,103,105,106,107,108);
34700;
Section.Begin(101,102,103,105,106,107);
35100;
Section.Begin(101,102,103,105,106);
35500;
Section.Begin(101,102,103,105);
36000;
Section.Begin(101,102,103,105);
36650;
Section.Begin(101,102,103,104);
36850;
Section.Begin(101,102,103);
36840;
PreTrain.Pass('14:09:45');
36841;
PreTrain.Pass('14:10:45');
37250;
Section.Begin(101,102,103,105);
37300;
Section.Begin(101,102,103,105);
37900;
Section.Begin(101,102,103,105,106,107,108);
38300;
Section.Begin(101,102,103,105,106,107,108);
38700;
Section.Begin(101,102,103,105,106,107,108);
39100;
Section.Begin(101,102,103,105,106,107,108,109,110,110);
39500;
Section.Begin(101,102,103,105,106,107,108,109,110,110);
40000;
Section.Begin(101,102,103,105,106,107,108,109,110,110);
40100;
PreTrain.Pass('14:12:30');
Section.Begin(101,102,103,105,106,107,108,109,110,110);
41000;
Section.Begin(101,102,103,105,106,107,108,109,110,110,111,111,112);
41500;
Section.Begin(101,102,103,105,106,107,108,109,110,110,111,111,112);
42000;
Section.Begin(101,102,103,105,106,107,108,109,110,110,111,111,112);
42400;
Section.Begin(101,102,103,105,106,107,108,109,110,110,111,111,112);
42800;
Section.Begin(101,102,103,105,106,107,108,109,110,110,111,111,112);
43200;
Section.Begin(101,102,103,105,106,107,108,109,110,110,111,111,112);
43600;
Section.Begin(101,102,103,105,106,107,108,109,110,110,111,111,112);
44000;
Section.Begin(101,102,103,105,106,107,108,109,110,110,111,111,112);
43940;
PreTrain.Pass('14:14:45');
43941;
PreTrain.Pass('14:15:45');
44400;
Section.Begin(101,102,103,105,106,107,108,109,110,110,111,111,112);
44800;
Section.Begin(101,102,103,105,106,107,108,109,110,110,111,111,112);
45200;
Section.Begin(101,102,103,105,106,107,108,109,110,110,111,111,112);
45600;
Section.Begin(101,102,103,105,106,107,108,109,110,110,111,111,112);
46000;
Section.Begin(101,102,103,105,106,107,108,109,110,110,111,111,112);
46500;
Section.Begin(101,102,103,105,106,107,108,109,110,110,111,111,112);
47000;
Section.Begin(101,102,103,105,106,107,108,109,110,110,111,111,112);
47500;
Section.Begin(101,102,103,105,106,107,108,109,110,110);
48000;
Section.Begin(101,102,103,105,106,107,108,109,110,110);
48500;
Section.Begin(101,102,103,105,106,107,108);
49000;
Section.Begin(101,102,103,105,106,107,108);
49500;
Section.Begin(101,102,103,105,106,107,108);
50000;
Section.Begin(101,102,103,105,106);
50400;
Section.Begin(101,102,103,105);
50800;
Section.Begin(101,102,103,105);
PreTrain.Pass('14:18:00');
51200;
Section.Begin(101,102,103,105);
51600;
Section.Begin(101,102,103,104);
52000;
Section.Begin(101,102,103,104);


52300;
Section.Begin(101,102,102,104);
52400;
Section.Begin(101,102,103,104);
52720;

52800;
Section.Begin(101,102,103);
52720;
PreTrain.Pass('14:20:00');
52721;
PreTrain.Pass('14:21:45');
53150;
Section.Begin(101,102,102,104);

53200;
Section.Begin(101,102,103,104);
53600;
Section.Begin(101,102,103,104);
54100;
PreTrain.Pass('14:22:45');
Section.Begin(101,102,103,105,106,107);
54500;
Section.Begin(101,102,103,105,106,107);
54900;
Section.Begin(101,102,103,105,106,107);

55300;
Section.Begin(101,102,103,105,106,107,108,109);
55700;
Section.Begin(101,102,103,105,106,107,108,109);
56100;
Section.Begin(101,102,103,105,106,107,108,109);
56500;
Section.Begin(101,102,103,105,106,107,108,109);
57000;
Section.Begin(101,102,103,105,106,107,108,109);
57500;
Section.Begin(101,102,103,105,106,107,108,109);
58000;
Section.Begin(101,102,103,105,106,107,108,109);
58700;
Section.Begin(101,102,103,105,106,107,108);
59000;
Section.Begin(101,102,103,105,106,107,108);
59500;
Section.Begin(101,102,103,105,106,107,108);
59900;
Section.Begin(101,102,103,105,106,107,108);
60000;
Section.Begin(101,102,103,105,106,107,108);
60500;
Section.Begin(101,102,103,105,106,107,108);
61000;
Section.Begin(101,102,103,105,106,107,108);
61500;
Section.Begin(101,102,103,105,106,107,108,109,110,110,111);
62000;
Section.Begin(101,102,103,105,106,107,108,109,110,110,111);
62500;
Section.Begin(101,102,103,105,106,107,108,109,110,110,111);
63000;
Section.Begin(101,102,103,105,106,107,108,109,110,110,111);
63500;
Section.Begin(101,102,103,105,106,107,108,109,110,110,111);
64000;
Section.Begin(101,102,103,105,106,107,108,109,110,110,111);
64500;
Section.Begin(101,102,103,105,106,107,108,109,110,110,111);
65000;
Section.Begin(101,102,103,105,106,107,108,109,110,110,111);
65500;
Section.Begin(101,102,103,105,106,107,108,109,110,110,111);
66000;
Section.Begin(101,102,103,105,106,107,108,109,110,110);
66500;
Section.Begin(101,102,103,105,106,107,108,109,110,110);
67000;
Section.Begin(101,102,103,105,106,107,108,109,110,110);
67500;
Section.Begin(101,102,103,105,106,107,108,109,110,110);
68000;
Section.Begin(101,102,103,105,106,107,108,109,110,110);
68500;
Section.Begin(101,102,103,105,106,107,108);
69000;
Section.Begin(101,102,103,105,106,107,108);
69500;
Section.Begin(101,102,103,105,106);
70000;
Section.Begin(101,102,103,105,106);
70500;
Section.Begin(101,102,103,105,106);
PreTrain.Pass('14:27:00');
71000;
Section.Begin(101,102,103,105);
71400;
Section.Begin(101,102,103,105);
71800;
Section.Begin(101,102,103,104);
72200;
Section.Begin(101,102,103,104);
72700;
Section.Begin(101,102,103);
72640;
PreTrain.Pass('14:28:30');
72641;

73050;
Section.Begin(101,102,103);
73060;
Section.Begin(101,102,103,104);
73070;
Section.Begin(101,102,103,104);
73100;
Section.Begin(101,102,103,105);


73500;
Section.Begin(101,102,103,105);
74000;
Section.Begin(101,102,103,105,106);
PreTrain.Pass('14:28:32');
74002;
PreTrain.Pass('14:31:45');
74400;
Section.Begin(101,102,103,105,106,107,108);
75000;
Section.Begin(101,102,103,105,106,107,108);
75500;
Section.Begin(101,102,103,105,106,107,108,109,110,110);
76000;
Section.Begin(101,102,103,105,106,107,108,109,110,110);
76500;
Section.Begin(101,102,103,105,106,107,108,109,110,110);
77000;
Section.Begin(101,102,103,105,106,107,108,109,110,110,111,111);
77500;
Section.Begin(101,102,103,105,106,107,108,109,110,110,111,111);
78000;
Section.Begin(101,102,103,105,106,107,108,109,110,110,111,111);
78500;
Section.Begin(101,102,103,105,106,107,108,109,110,110,111,111);
79000;
Section.Begin(101,102,103,105,106,107,108,109,110,110,111,111);
79500;
Section.Begin(101,102,103,105,106,107,108,109,110,110,111,111);
80000;
Section.Begin(101,102,103,105,106,107,108,109);
80500;
Section.Begin(101,102,103,105,106,107,108,109);
81000;
Section.Begin(101,102,103,105,106,107,108,109);
81400;
Section.Begin(101,102,103,105,106,107,108,109);
81800;
Section.Begin(101,102,103,105,106,107,108,109);
81770;
PreTrain.Pass('14:34:50');
81771;
PreTrain.Pass('14:36:00');
82200;
Section.Begin(101,102,103,105,106,107,108,109);
82600;
Section.Begin(101,102,103,105,106,107,108,109);
83000;
Section.Begin(101,102,103,105,106,107,108,109);
83400;
Section.Begin(101,102,103,105,106,107,108,109);
83800;
Section.Begin(101,102,103,105,106,107,108,109);
84200;
Section.Begin(101,102,103,105,106,107,108);
84800;
Section.Begin(101,102,103,105,106,107);
85200;
Section.Begin(101,102,103,105,106);
85600;
Section.Begin(101,102,103,105,106);
86000;
Section.Begin(101,102,103,105);
86400;
Section.Begin(101,102,103,105);
86800;
Section.Begin(101,102,103,105);
87200;
Section.Begin(101,102,103,105);
87400;
Section.Begin(101,102,103,105,106,107);
88000;
Section.Begin(101,102,103,105,106,107);
88400;
Section.Begin(101,102,103,105,106,107);
88800;
Section.Begin(101,102,103,105,106,107);
89200;
Section.Begin(101,102,103,105,106);
89600;
Section.Begin(101,102,103,105);
90000;
Section.Begin(101,102,103,105);
90400;
Section.Begin(101,102,103,104);
90800;
Section.Begin(101,102,103,104);
91200;
Section.Begin(101,102,103,104);
91600;
Section.Begin(101,102,103,104);
92000;
Section.Begin(101,102,103,104);
92400;
Section.Begin(101,102,103,104);
92500;
Section.Begin(101,102,103);
92480;
PreTrain.Pass('14:43:15');
92481;

92890;
Section.Begin(101,102,103,104);
92900;
Section.Begin(101,102,103,104);
92910;
Section.Begin(101,102,103,104);
93000;
Section.Begin(101,102,103,104);
93100;
PreTrain.Pass('14:43:20');
Section.Begin(101,102,103,104,105);
93600;
Section.Begin(101,102,103,104,105);
93950;
Section.Begin(101,102,103,104);
94400;
Section.Begin(101,102,103,104);
94900;
Section.Begin(101,102,103,104,105);
95200;
Section.Begin(101,102,103,104,105);
95600;
Section.Begin(101,102,103,104,105);
96000;
Section.Begin(101,102,103,104,105);
96400;
Section.Begin(101,102,103,104,105);
96800;
Section.Begin(101,102,103,104,105);
97200;
Section.Begin(101,102,103,104);
97600;
Section.Begin(101,102,103,104);
98000;
Section.Begin(101,102,103,104);
98300;
Section.Begin(101,102,103,104);
98500;
Section.Begin(101,102,103,104);
98700;
Section.Begin(101,102,103,104);
98710;
Section.Begin(101,102,103,104);
98720;
Section.Begin(101,102,103,104);
99000;
Section.Begin(101,102,103,104);
99300;
Section.Begin(101,102,103);
99610;
Section.Begin(101,102);
99615;
Section.Begin(101);
